10795.937330
42760.502200
 6775.961000
10579.711000
 6593.508300
 7731.427100
38511.628300
 1737.376000
13616.358600
12609.887020
 7144.862650
37165.163800
 8601.329300
 5257.507950
 7445.918000
48970.247600
 3201.245150
 3392.976800
 8604.483650
24513.091260
 4687.797000
 8798.593000
29141.360300
 2690.113800
35069.374520
 1909.527450
 2741.948000
 3077.095500
10825.253700
46255.112500
 9301.893550
 4673.392200
 6334.343550
18838.703660
 8988.158750
 3366.669700
 3981.976800
43813.866100
 6082.405000
 6837.368700
 1615.766700
 8932.084000
 9778.347200
 1621.882700
 6112.352950
19199.944000
 2527.818650
 4686.388700
 1748.774000
47896.791350
15828.821730
16115.304500
 9182.170000
27346.042070
23306.547000
11576.130000
14133.037750
 4260.744000
 2404.733800
27218.437250
 4137.522700
11737.848840
 8277.523000
 1137.011000
10601.632250
 1972.950000
 5972.378000
 2130.675900
33475.817150
 8547.691300
 1759.338000
 6571.544000
 9222.402600
 2632.992000
 3704.354500
21472.478800
 3906.127000
12235.839200
24671.663340
25382.297000
 8569.861800
18972.495000
 2138.070700
12363.547000
28476.734990
45702.022350
20745.989100
18648.421700
16776.304050
12479.708950
21984.470610
 2699.568350
 3213.622050
 4074.453700
 5240.765000
19749.383380
13390.559000
 3556.922300
 5253.524000
12557.605300
45710.207850
12323.936000
15359.104500
12224.350850
 6877.980100
 5693.430500
 5148.552600
10797.336200
 3353.470300
23241.474530
 4779.602300
42111.664700
 3353.284000
 4433.915900
10370.912550
11187.656700
13457.960800
 3172.018000
 5488.262000
 2331.519000
 6500.235900
 4243.590050
 6128.797450
 9715.841000
18804.752400
 3393.356350
17361.766100
 8211.100200
37465.343750
 5729.005300
24180.933500
11163.568000
44641.197400
 3238.435700
 8342.908750
36580.282160
10096.970000
 1632.036250
17904.527050
37133.898200
 2803.697850
 6933.242250
 2200.830850
 2198.189850
 5910.944000
62592.873090
 2254.796700
34779.615000
14119.620000
 8059.679100
 1631.668300
12495.290850
 8280.622700
 9800.888200
48675.517700
 4931.647000
 4058.712450
 5373.364250
30942.191800
10702.642400
 2396.095900
 5002.782700
11488.316950
20009.633650
34303.167200
10107.220600
 6272.477200
38126.246500
11763.000900
33900.653000
 3732.625100
14349.854400
13019.161050
 4185.097900
 8823.985750
 2219.445100
19144.576520
 6059.173000
 7537.163900
12333.828000
20277.807510
 4934.705000
 4992.376400
37607.527700
 5397.616700
 8965.795750
 5974.384700
 8891.139500
 8232.638800
21880.820000
13430.265000
18246.495500
 4133.641650
 3161.454000
 6985.506950
18767.737700
38344.566000
 3537.703000
 9563.029000
 2904.088000
 1526.312000
12032.326000
 4032.240700
20420.604650
36307.798300
27117.993780
42303.692150
 9048.027300
 2731.912200
 5003.853000
 1725.552300
18259.216000
 4151.028700
 3766.883800
 8782.469000
 4747.052900
 6289.754900
13844.797200
13228.846950
40003.332250
26018.950520
 9541.695550
 7201.700850
 6781.354200
 2523.169500
 8556.907000
 7650.773750
 4500.339250
42856.838000
 7196.867000
 9620.330700
10848.134300
10977.206300
 2128.431050
 4529.477000
 2710.828550
 3594.170850
 6940.909850
12890.057650
 5012.471000
 5125.215700
19444.265800
 6571.024350
10713.644000
25992.821040
 4391.652000
15555.188750
 1391.528700
 3378.910000
 9724.530000
 5116.500400
10065.413000
 8413.463050
 2203.735950
11305.934550
 6311.952000
 2362.229050
 8269.044000
14451.835150
 8827.209900
 8233.097500
 8442.667000
26125.674770
17560.379750
 7243.813600
 6746.742500
 9583.893300
12347.172000
 1627.282450
58571.074480
 3180.510100
 2789.057400
 4544.234800
19515.541600
 9861.025000
 7153.553900
17748.506200
29330.983150
13880.949000
10338.931600
 7077.189400
36124.573700
16232.847000
27808.725100
 2457.502000
 1977.815000
42112.235600
 3484.331000
 7935.291150
 3947.413100
 8968.330000
19107.779600
13887.204000
40273.645500
 2473.334100
 4320.410850
 5425.023350
 2103.080000
 2483.736000
10325.206000
 4402.233000
 8240.589600
 7740.337000
14418.280400
10450.552000
 4189.113100
25333.332840
48673.558800
 7731.857850
33907.548000
22218.114900
47496.494450
24520.264000
 1964.780000
10043.249000
46718.163250
22144.032000
 1242.260000
34838.873000
12643.377800
 2217.601200
 6356.270700
 6875.961000
 4428.887850
15170.069000
 6406.410700
 9290.139500
 7729.645750
 6238.298000
45863.205000
26140.360300
 5245.226900
 1704.568100
39722.746200
12404.879100
10704.470000
12925.886000
18328.238100
42983.458500
10791.960000
11538.421000
 2480.979100
 1137.469700
 5979.731000
12730.999600
 1880.070000
15161.534400
 9877.607700
16577.779500
44260.749900
63770.428010
11345.519000
34439.855900
 6198.751800
20630.283510
48549.178350
 5699.837500
 9411.005000
 3554.203000
13429.035400
15518.180250
22412.648500
 8615.300000
 3561.888900
 3761.292000
16586.497710
 7323.734819
 7626.993000
24603.048370
11033.661700
11272.331390
 5428.727700
 5662.225000
 8457.818000
 7345.084000
 7448.403950
13126.677450
22462.043750
 7151.092000
 8310.839150
12629.165600
 3056.388100
38711.000000
11394.065550
 2974.126000
11946.625900
 1534.304500
 9863.471800
 9447.250350
 6196.448000
 7985.815000
11881.358000
10264.442100
10141.136200
 4718.203550
 7749.156400
 4234.927000
14478.330150
 1149.395900
 4894.753300
10577.087000
 4661.286350
 8347.164300
44585.455870
 6203.901750
 1607.510100
20878.784430
24869.836800
 7345.726600
 1702.455300
 9432.925300
19521.968200
 1631.821200
 8124.408400
28868.663900
 2866.091000
 6373.557350
 5246.047000
 3875.734100
11534.872650
 7358.175650
10269.460000
11073.176000
13204.285650
 1837.237000
38746.355100
 8765.249000
 2494.022000
11253.421000
12265.506900
13725.471840
13063.883000
13887.968500
 9748.910600
11244.376900
 5377.457800
13470.860000
22192.437110
 7228.215650
39611.757700
 4846.920150
 9872.701000
 4435.094200
 4433.387700
34166.273000
41661.602000
20149.322900
 1622.188500
 8062.764000
 4561.188500
15820.699000
12029.286700
13143.864850
 5385.337900
 7441.053000
19673.335730
 3994.177800
23568.272000
 4441.213150
10422.916650
 2261.568800
 7265.702500
39727.614000
 4454.402650
 3260.199000
 1515.344900
13822.803000
 7526.706450
11881.969600
27375.904780
24106.912550
13217.094500
12949.155400
 7954.517000
 6393.603450
 7256.723100
21771.342300
11856.411500
 9174.135650
 1719.436300
26467.097370
 6686.431300
 7640.309200
 9869.810200
 1635.733650
 4415.158800
10355.641000
 8026.666600
18608.262000
 2850.683750
 1832.094000
 9101.798000
 6435.623700
16138.762050
11674.130000
21195.818000
11396.900200
 8871.151700
 7512.267000
15019.760050
28340.188850
44423.803000
 7261.741000
 2459.720100
14449.854400
 6555.070350
10923.933200
20296.863450
 4058.116100
 1824.285400
 4349.462000
 3171.614900
 4827.904950
14711.743800
 3309.792600
11743.934100
 4076.497000
18806.145470
 8539.671000
41999.520000
12096.651200
 8825.086000
 4906.409650
13352.099800
10118.424000
 5415.661200
 4762.329000
13224.693000
42560.430400
 4527.182950
 5966.887400
 8116.680000
39983.425950
13415.038100
30063.580550
 4751.070000
 9722.769500
35147.528480
36898.733080
 4830.630000
 7441.501000
12950.071200
14901.516700
13012.208650
 1981.581900
 1634.573400
 1621.340200
19933.458000
14256.192800
19594.809650
15230.324050
 2217.469150
12797.209620
 8252.284300
26236.579970
 3987.926000
 5152.134000
12574.049000
28950.469200
 3500.612300
 4562.842100
 1682.597000
 1261.442000
 8410.046850
 4347.023350
 1532.469700
43921.183700
 4915.059850
 7152.671400
13112.604800
 1625.433750
10381.478700
44400.406400
44501.398200
 2534.393750
 1826.843000
 2352.968450
39556.494500
19023.260000
15612.193350
10959.694700
 2457.211150
36219.405450
24915.046260
47055.532100
 4949.758700
 1242.816000
 6548.195050
37742.575700
 2899.489350
 3866.855200
 2020.177000
13981.850350
 9487.644200
16657.717450
17496.306000
36197.699000
24667.419000
31620.001060
40720.551050
 7046.722200
 2201.097100
12124.992400
25678.778450
11848.141000
13635.637900
12622.179500
41676.081100
11381.325400
47269.854000
 9991.037650
 8219.203900
 7162.012200
21659.930100
 8551.347000
 3292.529850
10106.134250
46200.985100
42211.138200
18218.161390
40182.246000
39597.407200
26392.260290
 2438.055200
 2196.473200
 2026.974100
 9447.382400
 6079.671500
 5438.749100
 7281.505600
17128.426080
38709.176000
 6457.843400
 2211.130750
 7133.902500
 4040.558250
 3490.549100
 4237.126550
 5472.449000
22478.600000
30166.618170
 4889.036800
 3044.213300
 2913.569000
27000.984730
 1980.070000
14235.072000
 1263.249000
 5458.046450
 6474.013000
 4719.736550
 1136.399400
 1815.875900
 3206.491350
 4883.866000
27533.912900
21223.675800
25309.489000
25081.767840
 9910.359850
 2643.268500
17043.341400
 8605.361500
 4005.422500
11879.104050
 6640.544850
 9634.538000
24476.478510
10796.350250
12981.345700
33750.291800
 2250.835200
11093.622900
14358.364370
 5484.467300
 1705.624500
11944.594350
29523.165600
33471.971890
14455.644050
 1253.936000
 6123.568800
11729.679500
13041.921000
48173.361000
14474.675000
35585.576000
14394.557900
38792.685600
 7371.772000
43578.939400
12485.800900
47305.305000
 1727.540000
11842.623750
 6414.178000
 8334.457550
 3925.758200
24873.384900
 6610.109700
 1252.407000
 4746.344000
41919.097000
 8527.532000
36021.011200
 2020.552300
11353.227600
35160.134570
 4738.268200
 3062.508250
34672.147200
17085.267600
60021.398970
13143.336650
33732.686700
 6113.231050
 5400.980500
 8603.823400
13747.872350
10976.245750
10226.284200
23807.240600
20234.854750
16884.924000
30184.936700
 4719.524050
 4462.721800
 8068.185000
 1163.462700
 4536.259000
12268.632250
12913.992400
28468.919010
10214.636000
12094.478000
 1744.465000
14210.535950
 2117.338850
 6389.377850
 2150.469000
10435.065250
11931.125250
13224.057050
 7147.472800
 1880.487000
25517.113630
10928.849000
14692.669350
11365.952000
 7986.475250
 8671.191250
10806.839000
 9225.256400
34254.053350
20773.627750
34828.654000
10461.979400
 4618.079900
 1628.470900
42969.852700
 2154.361000
11554.223600
 4877.981050
 5478.036800
14988.432000
 7147.105000
12222.898300
 5266.365600
 4399.731000
 5594.845500
 1256.299000
11945.132700
12430.953350
37829.724200
21098.554050
 5757.413450
 9500.573050
33307.550800
 8334.589600
12244.531000
 7222.786250
 9095.068250
 8520.026000
 9549.565100
47403.880000
 2855.437550
 1629.833500
12142.578600
38415.474000
 4239.892650
 7348.142000
 9855.131400
17626.239510
 5630.457850
 9625.920000
11987.168200
11090.717800
 9386.161300
11299.343000
21344.846700
11289.109250
 9193.838500
 2775.192150
11735.879050
 4449.462000
 2902.906500
 4504.662400
 1632.564450
 4889.999500
43254.417950
21595.382290
 8964.060550
 9644.252500
 2134.901500
 6986.697000
13393.756000
 5325.651000
 6282.235000
10965.446000
 3558.620250
 2689.495400
 7443.643050
26109.329050
 2221.564450
 7160.094000
 5028.146600
 7682.670000
 9630.397000
19040.876000
 7633.720600
38245.593270
 3577.999000
 3693.428000
21677.283450
 3392.365200
45008.955500
 3847.674000
11363.283200
14426.073850
11454.021500
 3857.759250
 5836.520400
18765.875450
 9283.562000
 8125.784500
10982.501300
 1728.897000
 1743.214000
 1261.859000
18157.876000
 7624.630000
 3757.844800
46130.526500
 1708.001400
11070.535000
11165.417650
24915.220850
 5649.715000
23401.305750
35595.589800
 4753.636800
39871.704300
 7789.635000
 9788.865900
 5934.379800
27037.914100
 2585.269000
 9617.662450
 5855.902500
12105.320000
 5031.269550
16420.494550
13470.804400
30259.995560
 4837.582300
 2322.621800
23065.420700
26926.514400
21797.000400
 1633.044400
 8522.003000
 8823.279000
19964.746300
39774.276300
11013.711900
 8283.680700
11082.577200
 9880.068000
11658.115050
 2842.760750
13607.368750
 2416.955000
41097.161750
 9964.060000
16450.894700
 6748.591200
 6600.361000
 7623.518000
11658.379150
 2897.323500
24535.698550
 8162.716250
32787.458590
36837.467000
13555.004900
37079.372000
 9288.026700
10085.846000
17178.682400
46599.108400
12129.614150
27322.733860
12644.589000
 5976.831100
12592.534500
10560.491700
 2727.395100
 8978.185100
14001.133800
 2680.949300
 2709.243950
39125.332250
 6600.205950
19539.243000
 2302.300000
 2102.264700
11837.160000
 3861.209650
 7518.025350
 5080.096000
23082.955330
 9875.680400
 6653.788600
 2497.038300
10072.055050
 1712.227000
39725.518050
 3659.346000
10407.085850
 2709.111900
12741.167450
 2730.107850
11840.775050
 3385.399150
36910.608030
17081.080000
 3443.064000
12957.118000
 1875.344000
21082.160000
 4571.413050
 3877.304250
19496.719170
30284.642940
 3989.841000
47928.030000
17878.900680
11455.280000
22395.744240
 1135.940700
23288.928400
11741.726000
 1646.429700
14254.608200
22331.566800
19719.694700
46151.124500
 5708.867000
14043.476700
11356.660900
 8606.217400
16085.127500
 8083.919800
 4350.514400
 9391.346000
23244.790200
 6250.435000
19361.998800
38282.749500
 1720.353700
 6652.528800
 4340.440900
 5354.074650
23563.016180
36397.576000
 2566.470700
25656.575260
 4296.271200
40904.199500
14382.709050
20462.997660
 1674.632300
14007.222000
 5267.818150
 7726.854000
39836.519000
 4646.759000
37701.876800
11286.538700
 3481.868000
 4922.915900
10600.548300
18033.967900
 7418.522000
24059.680190
43896.376300
44202.653600
 1837.281900
 2304.002200
 9504.310300
40974.164900
 8688.858850
11743.299000
32108.662820
19214.705530
 2137.653600
20781.488920
18310.742000
 1708.925750
11264.541000
13919.822900
35491.640000
10959.330000
 7337.748000
32734.186300
 7050.642000
18223.451200
10493.945800
 3645.089400
 6067.126750
 2464.618800
 4667.607650
 3935.179900
34472.841000
 4766.022000
27941.287580
 1704.700150
 2721.320800
 6338.075600
12638.195000
 3167.455850
 1131.506600
21232.182260
48824.450000
12928.791100
 2597.779000
 1917.318400
 6455.862650
 1906.358250
 8516.829000
 5227.988750
11833.782300
13937.666500
 8017.061150
 2719.279750
 8733.229250
11482.634850
 6948.700800
 5846.917600
 3579.828700
13770.097900
12233.828000
 3070.808700
36189.101700
 1633.961800
28101.333050
11884.048580
37484.449300
20709.020340